-------Based on SHORE features 1st minute---------																																																																																				
"['S1_Angry_avg', 'S1_ Happy_avg', 'S1_ MouthOpen_avg', 'S1_ Sad_avg', 'S1_ Score_avg', 'S1_ Surprised_avg', 'S1_Angry_var', 'S1_ Happy_var', 'S1_ MouthOpen_var', 'S1_ Sad_var', 'S1_ Score_var', 'S1_ Surprised_var']"																																																																																				
  	S1_Angry_avg 	S1_ Happy_avg 	S1_ MouthOpen_avg 	S1_ Sad_avg 	S1_ Surprised_avg 	S1_Angry_var 	S1_ Happy_var 	S1_ MouthOpen_var 	S1_ Sad_var 	S1_ Surprised_var 																																																																										
csrsconv 	0	0	0.215185472	0	-0.163396768	0	0.157345689	0	-0.168019422	0																																																																										
csrskill 	-0.474514944	0	0.346462609	0	0	0.583078266	0.221481015	-0.22647202	-0.246449854	0																																																																										
csrscomp 	-0.472219469	0	0.137846144	0.411157887	0	0.617740438	0.193280758	0	-0.587108494	0																																																																										
csrsappr 	0	0	0.087083389	0	0	0	0.160498621	0	0	0																																																																										
csrseffect 	0	0	0	0	-0.165230715	0	0	0.229993104	-0.175229897	0																																																																										
csvoclcn 	-0.464594315	0	0.238419822	0	0	0.567138791	0	0	-0.169413798	0																																																																										
csnoddin 	0	0	0	0	-0.111892512	0	0.132553615	0	-0.215183657	0																																																																										
csgestur 	0	0	0.201432013	-0.149643637	0	0	0	0	0	0																																																																										
cshumor 	-0.49513085	0	0.975483138	-0.230184015	0	0.560850107	0.28185635	-0.824993157	0	0																																																																										
cssmilin 	0	0	0.644608703	0	-0.196474812	0	0.38650283	-0.438928465	-0.188269988	0																																																																										
csquestn 	0	0.162341688	0.616201649	0	-0.175665439	0	0	-0.395763744	0	0																																																																										
csstartn 	-0.290378716	0	0.673422841	0	0	0.402906742	0.3204539	-0.518654232	0	0																																																																										
cspostur 	-0.505422346	0	0	0	-0.118307862	0.397889026	0	0	0	0																																																																										
cseyecon 	-0.560118152	0	0	0	-0.093280105	0.495431416	0	0	0	0																																																																										
Raliked 	-0.393177393	0	0.118454429	0	0	0.558657121	0.224236532	0	0	0																																																																										
Raattrac 	-0.407677466	0	0	0	0	0.553784723	0	0	0	0																																																																										
Rayessin 	-0.381599707	0	0.605203783	0	-0.078399296	0.5411704	0.182683347	-0.560997238	-0.188143687	0																																																																										
Raconect 	-0.435814826	0	0.152291896	0	0	0.666209793	0.242366926	0	-0.154753609	0																																																																										
Racommon 	-0.436278677	0	0	0	0	0.604498623	0.240080568	0	0	0																																																																										
Rasimlar 	-0.405914479	0	0.433832477	-0.01625224	0	0.534762205	0.204818054	-0.398127334	-0.187993224	0																																																																										
Rasmooth 	0	0	0.27479047	0	-0.234313852	0	0.185348531	0	0	0																																																																										
Ra_avg	-0.442510022	0	0.105258923	0	0	0.602473718	0.19779832	0	0	0																																																																										
 																																																																																				
-------Based on SHORE features of middle part---------																																																																																				
"['S2_Angry_avg', 'S2_ Happy_avg', 'S2_ MouthOpen_avg', 'S2_ Sad_avg', 'S2_ Score_avg', 'S2_ Surprised_avg', 'S2_Angry_var', 'S2_ Happy_var', 'S2_ MouthOpen_var', 'S2_ Sad_var', 'S2_ Score_var', 'S2_ Surprised_var']"																																																																																				
  	S2_Angry_avg 	S2_ Happy_avg 	S2_ MouthOpen_avg 	S2_ Sad_avg 	S2_ Surprised_avg 	S2_Angry_var 	S2_ Happy_var 	S2_ MouthOpen_var 	S2_ Sad_var 	S2_ Surprised_var 																																																																										
csrsconv 	0	0	0.180265293	-0.286923896	0	0	0	0	0	0																																																																										
csrskill 	-0.422834982	0	0	-0.34269515	0	0.593097471	0	0.185442291	0	0																																																																										
csrscomp 	0	0	0	-0.286562547	0	0.212433914	0	0.203396311	0	0																																																																										
csrsappr 	0	0	0.090691846	-0.164151472	0	0.109514198	0	0	0	0																																																																										
csrseffect 	0	0	0	-0.270728677	0	0.238947531	0	0.225604594	0	0																																																																										
csvoclcn 	-0.215867704	0	0	0	0	0.391039256	0	0.272939729	-0.230851333	0																																																																										
csnoddin 	0	0	0	0	-0.091004376	0	0	0	-0.251919768	0																																																																										
csgestur 	0	0	0.184346267	-0.230386288	0	0	0	0	0	0																																																																										
cshumor 	0	0	0.254573006	-0.320756932	0	0	0	0	0	0																																																																										
cssmilin 	0	0	0	-0.381931482	-0.262028555	0	0	0.369107535	0.051024705	0																																																																										
csquestn 	-0.386923623	0	0.26363754	0	-0.085577046	0.608323043	0	0	-0.234058026	0																																																																										
csstartn 	-0.349857381	0	0.264824958	-0.234554415	0	0.548378978	0	0	0	0																																																																										
cspostur 	0	0	0	0	0	0	0	0.113709532	-0.184917563	-0.16915162																																																																										
cseyecon 	0	0	0.090867905	0	-0.168055915	0	0	0	-0.200982247	0																																																																										
Raliked 	-0.298485405	0	0.157753533	0	0	0.515370034	0	0	-0.310088932	0																																																																										
Raattrac 	0	0	-0.113270874	-0.171323196	0	0.313161067	0.189185482	0	0	0																																																																										
Rayessin 	0	0	0	0	0	0.360811573	0.23034875	0	-0.291814722	0																																																																										
Raconect 	-0.450830044	0	0	-0.245124811	0	0.766527111	0.306438196	0	0	0																																																																										
Racommon 	0	0	0	-0.297161786	0	0.287676079	0.238675477	0	0	0																																																																										
Rasimlar 	-0.305518241	0	0	0	0	0.59250742	0.240992503	0	-0.257112932	0																																																																										
Rasmooth 	0	0	0	0	0	0	0	0.253300343	-0.267359716	0																																																																										
Ra_avg	-0.288130668	0	0	-0.249587492	0	0.573424267	0.217742076	0	0	0																																																																										
 																																																																																				
-------Based on SHORE features of last minute---------																																																																																				
"['S3_Angry_avg', 'S3_ Happy_avg', 'S3_ MouthOpen_avg', 'S3_ Sad_avg', 'S3_ Score_avg', 'S3_ Surprised_avg', 'S3_Angry_var', 'S3_ Happy_var', 'S3_ MouthOpen_var', 'S3_ Sad_var', 'S3_ Score_var', 'S3_ Surprised_var']"																																																																																				
  	S3_Angry_avg 	S3_ Happy_avg 	S3_ MouthOpen_avg 	S3_ Sad_avg 	S3_ Surprised_avg 	S3_Angry_var 	S3_ Happy_var 	S3_ MouthOpen_var 	S3_ Sad_var 	S3_ Surprised_var 																																																																										
csrsconv 	0	0	0	0	-0.186080821	0	0.117166801	0.262211317	-0.194571154	0																																																																										
csrskill 	0	0	0	0	0	0	0.31188602	0	-0.17073419	0																																																																										
csrscomp 	0	0	0.181545178	0	0	0.256655303	0.335490158	0	0	0																																																																										
csrsappr 	-0.12863024	0	0.098723034	0	0	0.263082044	0.185356157	0	0	0																																																																										
csrseffect 	0	0	0	0	0	0.23464757	0.243638953	0.202473299	0	0																																																																										
csvoclcn 	-0.152460959	0	0	0	0	0.374204012	0.198661035	0.246743945	-0.13065999	0																																																																										
csnoddin 	0	0	0	0	-0.048147855	0.157798465	0.294768222	0	0	0																																																																										
csgestur 	-0.455708679	0	0	-0.229887011	0	0.582876459	0	0.233526141	0	0																																																																										
cshumor 	-0.421430394	0	0	-0.189355016	-0.069994309	0.549513594	0.192021742	0.26157551	0	0																																																																										
cssmilin 	0	0	0	-0.288443495	-0.27544476	0	0.230808948	0.325060658	0	0																																																																										
csquestn 	-0.106721294	0	0.193521289	0	0	0.372224101	0.306077041	0	0	0																																																																										
csstartn 	0	0	0.211273838	0	0	0.232311118	0.260711019	0	-0.157110303	0																																																																										
cspostur 	0	0	0	-0.205328172	0.561395253	0	0	0	0	-0.799057327																																																																										
cseyecon 	0	0	0	-0.159104488	0.525020462	0.108279402	0.258499987	0	0	-0.69788035																																																																										
Raliked 	0	0	0	0	-0.126244149	0.237962813	0.168305554	0.199595505	-0.204944882	0																																																																										
Raattrac 	0	0	0	0	-0.083655417	0.302763394	0.234761026	0	0	0																																																																										
Rayessin 	0	0	0	0	-0.171787856	0.267382228	0.1711892	0.189361777	-0.195487802	0																																																																										
Raconect 	0	0	0.209969139	0	-0.087100793	0.260862485	0.307715355	0	-0.155872974	0																																																																										
Racommon 	0	0	0	0	0	0.234893049	0.327118369	0	0	0																																																																										
Rasimlar 	0	0	0	0	0	0.30027557	0.281112606	0.109455032	-0.163259371	0																																																																										
Rasmooth 	0	0	0.29350282	0	-0.253685543	0	0.176407905	0	-0.198477927	0																																																																										
Ra_avg	0	0	0.135292307	0	-0.094034032	0.2573063	0.25525063	0	-0.16019891	0																																																																										
 																																																																																				
-------Based on SHORE features avg features---------																																																																																				
"['SA_Angry_avg', 'SA_ Happy_avg', 'SA_ MouthOpen_avg', 'SA_ Sad_avg', 'SA_ Score_avg', 'SA_ Surprised_avg', 'SA_Angry_var', 'SA_ Happy_var', 'SA_ MouthOpen_var', 'SA_ Sad_var', 'SA_ Score_var', 'SA_ Surprised_var']"																																																																																				
  	SA_Angry_avg 	SA_ Happy_avg 	SA_ MouthOpen_avg 	SA_ Sad_avg 	SA_ Surprised_avg 	SA_Angry_var 	SA_ Happy_var 	SA_ MouthOpen_var 	SA_ Sad_var 	SA_ Surprised_var 																																																																										
csrsconv 	0	0	0.290446767	-0.235488917	-0.252496744	0	0	0	0	0																																																																										
csrskill 	-0.499644978	0	0	-0.272628289	-0.185403957	0.590603928	0	0.25650801	0	0																																																																										
csrscomp 	0	0	0.261340618	-0.249685803	-0.209696198	0.119084556	0	0	0	0																																																																										
csrsappr 	0	0	0.162661149	0	0	0	0	0	-0.15692609	-0.196171557																																																																										
csrseffect 	0	0	0	-0.250330048	-0.119404883	0.18060169	0	0.264333666	0	0																																																																										
csvoclcn 	0	0	0	-0.287076058	-0.136814027	0.138311255	0	0.306500924	0.093260183	0																																																																										
csnoddin 	0	0	0	-0.241341553	-0.163724715	0	0	0	0	0																																																																										
csgestur 	0	0	0.187001677	-0.214663854	0	0	0	0	0	0																																																																										
cshumor 	0	0	0.333230051	-0.259467715	-0.215745802	0	0	0	0	0																																																																										
cssmilin 	0	0	0	-1.317482417	-0.388268802	0	0	0.399004225	1.016551072	0																																																																										
csquestn 	0	0	0.329748011	0	0	0	0	0	0	-0.277279605																																																																										
csstartn 	0	0	0.365953654	0	0	0	0	0	0	-0.264512688																																																																										
cspostur 	0	0	0.101952024	-0.521255505	0.30067083	0	0	0	0.346990914	-0.557924507																																																																										
cseyecon 	0	0	0.138952758	-0.540273497	0.769528675	0	0	0	0.370835814	-1.061712405																																																																										
Raliked 	-0.27033231	0	0.232769088	-0.563925951	-0.208143824	0.414053653	0	0	0.35658852	0																																																																										
Raattrac 	0	-0.213312374	-0.050064632	0	-0.115247735	0.277839091	0.31685947	0	-0.130785586	0																																																																										
Rayessin 	0	0	0.148202916	-0.243623161	-0.164843008	0.280598005	0.156671765	0	0	0																																																																										
Raconect 	0	0	0.191962607	-0.182117699	0	0.365917636	0.345000367	0	0	0																																																																										
Racommon 	0	0	0.158018973	-0.232150391	0	0.302847006	0.234862294	0	0	0																																																																										
Rasimlar 	0	0	0	-0.23829465	0	0.270992017	0.245769653	0	0	0																																																																										
Rasmooth 	0	0	0.388241708	0	-0.334536347	0	0	0	0	0																																																																										
Ra_avg	0	0	0.116061022	-0.203134204	0	0.316347043	0.254776747	0	0	0																																																																										
 																																																																																				
-------Openface AU features of 1st minute---------																																																																																				
"['S1_ AU01_r_avg', 'S1_ AU02_r_avg', 'S1_ AU04_r_avg', 'S1_ AU05_r_avg', 'S1_ AU06_r_avg', 'S1_ AU07_r_avg', 'S1_ AU09_r_avg', 'S1_ AU10_r_avg', 'S1_ AU12_r_avg', 'S1_ AU14_r_avg', 'S1_ AU15_r_avg', 'S1_ AU17_r_avg', 'S1_ AU20_r_avg', 'S1_ AU23_r_avg', 'S1_ AU25_r_avg', 'S1_ AU26_r_avg', 'S1_ AU45_r_avg', 'S1_ AU01_c_avg', 'S1_ AU02_c_avg', 'S1_ AU04_c_avg', 'S1_ AU05_c_avg', 'S1_ AU06_c_avg', 'S1_ AU07_c_avg', 'S1_ AU09_c_avg', 'S1_ AU10_c_avg', 'S1_ AU12_c_avg', 'S1_ AU14_c_avg', 'S1_ AU15_c_avg', 'S1_ AU17_c_avg', 'S1_ AU20_c_avg', 'S1_ AU23_c_avg', 'S1_ AU25_c_avg', 'S1_ AU26_c_avg', 'S1_ AU28_c_avg', 'S1_ AU45_c_avg', 'S1_abs_d_pose_Rx_avg', 'S1_ gaze_0_x_var', 'S1_ gaze_0_y_var', 'S1_ gaze_0_z_var', 'S1_ gaze_1_x_var', 'S1_ gaze_1_y_var', 'S1_ gaze_1_z_var', 'S1_ pose_Tx_var', 'S1_ pose_Ty_var', 'S1_ pose_Tz_var', 'S1_ pose_Rx_var', 'S1_ pose_Ry_var', 'S1_ pose_Rz_var', 'S1_ AU01_r_var', 'S1_ AU02_r_var', 'S1_ AU04_r_var', 'S1_ AU05_r_var', 'S1_ AU06_r_var', 'S1_ AU07_r_var', 'S1_ AU09_r_var', 'S1_ AU10_r_var', 'S1_ AU12_r_var', 'S1_ AU14_r_var', 'S1_ AU15_r_var', 'S1_ AU17_r_var', 'S1_ AU20_r_var', 'S1_ AU23_r_var', 'S1_ AU25_r_var', 'S1_ AU26_r_var', 'S1_ AU45_r_var', 'S1_ AU01_c_var', 'S1_ AU02_c_var', 'S1_ AU04_c_var', 'S1_ AU05_c_var', 'S1_ AU06_c_var', 'S1_ AU07_c_var', 'S1_ AU09_c_var', 'S1_ AU10_c_var', 'S1_ AU12_c_var', 'S1_ AU14_c_var', 'S1_ AU15_c_var', 'S1_ AU17_c_var', 'S1_ AU20_c_var', 'S1_ AU23_c_var', 'S1_ AU25_c_var', 'S1_ AU26_c_var', 'S1_ AU28_c_var', 'S1_ AU45_c_var', 'S1_abs_d_pose_Rx_var']"																																																																																				
  	S1_ AU01_r_avg 	S1_ AU02_r_avg 	S1_ AU04_r_avg 	S1_ AU05_r_avg 	S1_ AU06_r_avg 	S1_ AU07_r_avg 	S1_ AU09_r_avg 	S1_ AU10_r_avg 	S1_ AU12_r_avg 	S1_ AU14_r_avg 	S1_ AU15_r_avg 	S1_ AU17_r_avg 	S1_ AU20_r_avg 	S1_ AU23_r_avg 	S1_ AU25_r_avg 	S1_ AU26_r_avg 	S1_ AU45_r_avg 	S1_ AU01_c_avg 	S1_ AU02_c_avg 	S1_ AU04_c_avg 	S1_ AU05_c_avg 	S1_ AU06_c_avg 	S1_ AU07_c_avg 	S1_ AU09_c_avg 	S1_ AU10_c_avg 	S1_ AU12_c_avg 	S1_ AU14_c_avg 	S1_ AU15_c_avg 	S1_ AU17_c_avg 	S1_ AU20_c_avg 	S1_ AU23_c_avg 	S1_ AU25_c_avg 	S1_ AU26_c_avg 	S1_ AU28_c_avg 	S1_ AU45_c_avg 	S1_abs_d_pose_Rx_avg 	S1_ gaze_0_x_var 	S1_ gaze_0_y_var 	S1_ gaze_0_z_var 	S1_ gaze_1_x_var 	S1_ gaze_1_y_var 	S1_ gaze_1_z_var 	S1_ pose_Tx_var 	S1_ pose_Ty_var 	S1_ pose_Tz_var 	S1_ pose_Rx_var 	S1_ pose_Ry_var 	S1_ pose_Rz_var 	S1_ AU01_r_var 	S1_ AU02_r_var 	S1_ AU04_r_var 	S1_ AU05_r_var 	S1_ AU06_r_var 	S1_ AU07_r_var 	S1_ AU09_r_var 	S1_ AU10_r_var 	S1_ AU12_r_var 	S1_ AU14_r_var 	S1_ AU15_r_var 	S1_ AU17_r_var 	S1_ AU20_r_var 	S1_ AU23_r_var 	S1_ AU25_r_var 	S1_ AU26_r_var 	S1_ AU45_r_var 	S1_ AU01_c_var 	S1_ AU02_c_var 	S1_ AU04_c_var 	S1_ AU05_c_var 	S1_ AU06_c_var 	S1_ AU07_c_var 	S1_ AU09_c_var 	S1_ AU10_c_var 	S1_ AU12_c_var 	S1_ AU14_c_var 	S1_ AU15_c_var 	S1_ AU17_c_var 	S1_ AU20_c_var 	S1_ AU23_c_var 	S1_ AU25_c_var 	S1_ AU26_c_var 	S1_ AU28_c_var 	S1_ AU45_c_var 	S1_abs_d_pose_Rx_var 
csrsconv 	0	0	0	0	-0.270708084	0	0	0	0	0	0	0	0	0	0	0	0	0	0	0	0	0	0	0	0	0	0.281212476	0	0	0	0	0	-0.953892114	0	0	0	0	0	0	0	0	0	0	0	0	0	0	0	0	0	0	-0.116811682	0.270766227	0	0	0	0	0	0	0	0	0	0.127034328	0	0	0	0	0	0	0	0.111295502	0	0	0	0	0	0	0	0	0	1.158047331	0	0	0
csrskill 	0	0	0	0	0	0	0	0	0	0	0	0	0	0	0	0	0	0	0	0	0	0	0	0	0	0	0.185527032	0	0	0	0	0	-0.641564131	0	0	0.079680749	0	0	0	0	0	0	0	0	0	0	0	0	0	0	0	0	0	0	0	0	0	0	0	0	0	0	0.355802958	0	0	0	0	0	0	0	0	0	0	0	0	0	0	0	0	0	0.902280375	0	0	0
csrscomp 	0	0	-0.120678846	0	0	0	0	0	0	0	0	0	0	0	0	0	0	0	0	0	0	0	0	0	0	0	0.138658222	0	0	0	0	0	0	0.06865263	0	0	0	0	-0.174672244	0	0	0	0	0	0	0	0	0.17457629	0.073629076	0	0	0	0	0	0	0	0	0	0	0	0	0	0.210940577	0	0	0	0	0	0	0	0	0	0	0	0	0	0.197661066	0	0	0	0	0	0	0
csrsappr 	0.298157979	0	0	0	-0.200680541	0	0	0	0	0	0	0	0	0	0.088241031	0	0	-0.165680237	0	0	0	0.448151049	0	-0.246897536	0	0	0	0	0	0	0	0	0	0.113103251	0	0	0	0	0	0	0	-0.269240876	0.074098337	0	0	0	0	0	0	0	0	0	0	-0.032161492	0	0	0	0	0	0	0	0	0	0	0.107992266	0	0	0	0	-0.113166958	0	0	0	0	-0.088662642	0	0.208943832	0	0	0	0	0	0	0
csrseffect 	0	0	0	0	0	0	0	-0.035012809	0	0	0	0	0	0	0	0	0	0	0	0	0	0	0	0	0	0	0.239132501	0	0	0	0	0	-0.666765941	0	0	0	0	0	0	0	0	0	0	0	0	0	0	0	0	0	0	0	0	0	0	0	0	0	0	0	0	0	0.164488909	0	0	0	0	0	0	0.13034905	0	0	0	0	0	0	0	0	0	0	0.824313417	0	0	0
csvoclcn 	0	0	0	-0.374018295	0	0	0	-0.145201232	0	0	0.117808881	0	0	0	0	0	0	0	0	0	0	0	0	0	0	0	0.249829117	0	0	0	0	0	0	0	0	0	0	0	0	0	0	0	0	0	0	0	0	0	0.111047529	0	0	0.238676657	0	0	0	0	0	0	0	0	0	0	0.295321437	0	0	0	0	0	0	-0.144031471	0	0	0	0	0	0	0	0	0	0	0	0	0	0
csnoddin 	0	0	0	0	0	0	0	0	0	0	0	0.073505216	0	0	0	0	0	0	0	0	0	0	0	1.29139764	0	0	0.29328335	0	0	0	-0.077077152	0	-1.073761857	0	-0.196060597	0	0	0	0	0	0	0	0	0	0	0	0	0	0.118116165	0	0	0	0	0	0	-0.213223676	0.211744729	0	0	0	0	0	0	0	0	0	0	0	0	0	0.144202237	-1.456951845	0	0	0	0	0	0	0	0	1.240541549	0	0.309905434	0
csgestur 	0	0	0	-0.332729842	0	0	0	0	0	0	0	0	0	0.195663124	0	0	0	0	0	0	0	0	0	0	0	0	0.116549272	0	0	0	0	0	0	0	-0.220902908	0	0	0	0	0	0	0	0	0	0	0	0	0	0.136932895	0	0	0.266686927	0	0	0	0	0	0	0	0	0	0	0.163652003	0	0	0	0	0	0	0	0	0	0	-0.173099049	0	0	0	0	0.129708461	0	0.162322473	0	0.451256106	0
cshumor 	0	0.238344561	0	-0.511171226	0	0	0.160278872	0	0	0.363872531	0	0	0	0.375102719	0	0	0	0	0	0	0	0	0	0	0	0	0.054402604	0	0	0	0	0	0	0	0	0	0	0	0	0	0	-0.142515538	0	0	0	0	0	0	-0.066064049	0	0	0.325571539	0	0	0	0	0	-0.279425435	0	0	0.192630374	-0.210646293	0.394020904	0	0	0	0	0	0	-0.340376483	0.323065647	-0.328772016	0	0	0	0	0	0	0	0	0.256790801	0	0	0
cssmilin 	0	0	0	-0.189956272	0	0	0	0	0	0	0	0	0	0	0	0	0	0	0	0	0	0	0	0	-0.027707883	0.236760208	0.249532242	0	0	0.123277453	0	0	-0.656934095	0	0	0	0	0	0	0	0	0	0	0	0	0	0	0	0.07594576	0	0	0	0	0	0	0	0	0	0	0	0	0	0.250519104	0	0	0	0	0	0	0	0.17979286	0	0	0	0	0	0	0	0	0	0.849363236	0	0	0
csquestn 	0	0.263236721	0	-0.326020686	0	0	0.178934038	0	0	0	0	0.17022419	0	0	0	0	0	0	-0.136666586	0	0	0	0.165679919	-0.260751225	0	0	0.466863303	0	0	0	0	0	0	0	0	0	0	0	0	0	0	0	0	0	-0.100469037	0	0	0	0	0	0	0	0	0	0	0	0	0	0	0	0	0	0	0	0	0	0	0	0	0	0	0	0	0	-0.220306359	0	0.128459927	0	0	0	0.134342613	0	0	0
csstartn 	0	0.144796727	0	-0.472074561	0	0	0	0	0	0	0	0	0.152800387	0	0	0	0	0	0	0	0	0	0	-0.103824882	0	0	0.416520376	-0.157709457	0	0	0	0	0	0	0	0	0	0	0	0	0	0	0	0	0	0	0	0	0	0	-0.123322281	0.259666964	0	0	0	0	0.170678517	0	0	0	0	0	0	0	0	0	0	0	0	0	0	0	0	0	-0.16860233	0	0.291226599	0	0	0	0.1461973	0	0	0
cspostur 	0	0	0	-0.091799438	0	0	0	0.099301067	0	0	0	0.235311474	0	0	0	0	0	0	0	0	0	0	0	0	0	0	0.124734474	0	0	0	0	0	0	0	0	0	0	0	0	0	0	0	0	0	0	0	-0.274439019	0	0	0	0	0	0	0	0	0	0	0	0	0	0	0	0	0	0.296044986	0	0	0	0	-0.146840351	0	0	0	0	0	0	0.081677304	0	0	0	0	0.139682639	0	0
cseyecon 	0	0	0	-0.312097215	0.057065697	0	0	0	0	0	0	0.263594105	0	0	0	0	0	0	0	0	0	0	0	0	0	0	0.044751024	0	0	-0.172794469	0	0	0	0	0	0	0.221406432	0	0	0	0	0	0	0	0	-0.201631001	-0.369358197	0	0	0	0	0.257690838	0	0	0	0	0	0	0	0	0	0.276802632	0	0	0.283802923	0	0	0	0	0	0	-0.244303094	0	0	0	0	0	0	0	0	0	0	0	0
Raliked 	0	0	0	-0.201325912	0	0	0	0	0	0	0	0	0	0	0	0	0	0	0	0	0	0	0	-0.34027923	0	0	0	0	0	0	0	0	0	0	0	0	0	0	0	0	0	0	0	0	0	0	0	0.303920119	0	0	0	0	0	0	0.197073021	0	0	0	0	0	0	0	0.458912355	0	0	0	0	0	0	0	0	0	0	0	0	0	0	0	0	-0.147971826	0.11853949	0	0	0.118465551
Raattrac 	0	0	0	0	0	-0.241508607	0	0	-0.131366653	0	0	0	0	0	0	0	0	0	0	0	0	0	0	0	0	0	0	0	0	0	0	0	0	0	-0.107684316	0	0	0	-0.257866749	0	0	0	0	0	0	0	0	0.295004592	0	0	0	0	0	0	0	0	0.275003673	0	0	0	0	0	0	0	0	0	0	0	0	0	0	0	0.148653255	0	0	0	0	0	0	0	0.176831153	0	0	0.108548757
Rayessin 	0	0.175113038	0	0	0	-0.279286227	0	-0.055815591	0	0	0	0	0	0	0	0	0	0	0	0	0	0	0	0	0	0	0.183658024	0	0	0	0	0	0	0	0	0	0	0	0	0	0	0	0	0	0	0	0	0	0	0	0	0	0	0	0	0	0.19849894	0	0	0	0	0	0	0	0	0	0	0	0	0	0.2143986	0	0	0	0	0	0	0	0	0	0.231907539	0	0	0.111059696
Raconect 	0	0	0	0	0	0	0	-0.085416666	0	0	0	0	0	0	0	0	0	0	0	0	0	0	0	-0.087707244	0	0	0.195315553	0	0	0	-0.189392654	-0.125231594	0	0	0	0	0	0	0	0	0	0	0	0	0	0	0	0	0	0	0	0	0.27879207	-0.222296959	0	0	0	0	0	0	0	0	0.337501743	0	0	0	0	0	0	0	0.15031664	0	0	0	0	0	0	0	0	0	0.259319035	0	0	0.107387293
Racommon 	-0.075155129	0	0	0	0	0	0	0	-0.318279936	0	0	0	0	0	0	0	0	0	0	0	0	0	0	0	0	0.2914286	0.203649681	0	0	0	-0.125183761	0	0	0	0	0.130407317	0	0	0	0	0	0	0	0	0	0	0	0	0	0	0	0	0	0	0	0	0	0	0	0	0	0	0.269121076	0	0	0	0	0	0	0	0.117789259	0	0	0	0	0	0	0	0	0	0.24185636	0	0	0
Rasimlar 	0	0.165252769	0	0	0	-0.065394697	0	0	0	0	0	0	0	0	0.230474002	0	0	0	0	0	0	0	0	0.723318858	-0.038741079	0	0	0	0	0	0	0	0	0	0	0	0	0	0	0	0	0	0	0	0	0	0	0	0	0	0	0	0	0	0	0	0	0	0	0	0	0	0.188365896	0	0	0	0	0	0	0	0	-0.90379496	0	0	0	0	0	0	0	0	0.178348092	0	0	0.143983531
Rasmooth 	0	0	0	0	0	0	0	0	0	0	0	0	0	0	0	0	0	0	0	0	0	0	0	0	0	0	0.39025289	0	0	0	0	0	-0.75436621	0	0	0	0	0	0	0	0	0	0	0	0	0	0	0	0	0	0	0	0	0	0	0	0.138859462	0	0	0	0	0	0	0	0	-0.194299861	0	0	0	0.11382941	0	0	0	0	0	0	0	0	0	0	1.016428399	0	0	0
Ra_avg	-0.115427726	0	0.096011523	0	0	0	0.126321885	-0.174735549	0	0	0	0	0	0	0	0	0	0	0	0	0	0	0	0	0	0	0	0	0	0	0	0	0	0	0	0	0	0	-0.251718842	0	0	0	0	0	0	0	0	0.28387549	0	0	0	0	0.167116542	0	0	0	0.115474007	0	0	0	0	0	0.245791352	0	0	0	0	0	0	0	0	-0.271606162	0	0	-0.075205582	0	0	0	0	0	0.184950291	0	0	0.053501315
 																																																																																				
-------Openface AU features of middle ---------																																																																																				
"['S2_ AU01_r_avg', 'S2_ AU02_r_avg', 'S2_ AU04_r_avg', 'S2_ AU05_r_avg', 'S2_ AU06_r_avg', 'S2_ AU07_r_avg', 'S2_ AU09_r_avg', 'S2_ AU10_r_avg', 'S2_ AU12_r_avg', 'S2_ AU14_r_avg', 'S2_ AU15_r_avg', 'S2_ AU17_r_avg', 'S2_ AU20_r_avg', 'S2_ AU23_r_avg', 'S2_ AU25_r_avg', 'S2_ AU26_r_avg', 'S2_ AU45_r_avg', 'S2_ AU01_c_avg', 'S2_ AU02_c_avg', 'S2_ AU04_c_avg', 'S2_ AU05_c_avg', 'S2_ AU06_c_avg', 'S2_ AU07_c_avg', 'S2_ AU09_c_avg', 'S2_ AU10_c_avg', 'S2_ AU12_c_avg', 'S2_ AU14_c_avg', 'S2_ AU15_c_avg', 'S2_ AU17_c_avg', 'S2_ AU20_c_avg', 'S2_ AU23_c_avg', 'S2_ AU25_c_avg', 'S2_ AU26_c_avg', 'S2_ AU28_c_avg', 'S2_ AU45_c_avg', 'S2_abs_d_pose_Rx_avg', 'S2_ gaze_0_x_var', 'S2_ gaze_0_y_var', 'S2_ gaze_0_z_var', 'S2_ gaze_1_x_var', 'S2_ gaze_1_y_var', 'S2_ gaze_1_z_var', 'S2_ pose_Tx_var', 'S2_ pose_Ty_var', 'S2_ pose_Tz_var', 'S2_ pose_Rx_var', 'S2_ pose_Ry_var', 'S2_ pose_Rz_var', 'S2_ AU01_r_var', 'S2_ AU02_r_var', 'S2_ AU04_r_var', 'S2_ AU05_r_var', 'S2_ AU06_r_var', 'S2_ AU07_r_var', 'S2_ AU09_r_var', 'S2_ AU10_r_var', 'S2_ AU12_r_var', 'S2_ AU14_r_var', 'S2_ AU15_r_var', 'S2_ AU17_r_var', 'S2_ AU20_r_var', 'S2_ AU23_r_var', 'S2_ AU25_r_var', 'S2_ AU26_r_var', 'S2_ AU45_r_var', 'S2_ AU01_c_var', 'S2_ AU02_c_var', 'S2_ AU04_c_var', 'S2_ AU05_c_var', 'S2_ AU06_c_var', 'S2_ AU07_c_var', 'S2_ AU09_c_var', 'S2_ AU10_c_var', 'S2_ AU12_c_var', 'S2_ AU14_c_var', 'S2_ AU15_c_var', 'S2_ AU17_c_var', 'S2_ AU20_c_var', 'S2_ AU23_c_var', 'S2_ AU25_c_var', 'S2_ AU26_c_var', 'S2_ AU28_c_var', 'S2_ AU45_c_var', 'S2_abs_d_pose_Rx_var']"																																																																																				
  	S2_ AU01_r_avg 	S2_ AU02_r_avg 	S2_ AU04_r_avg 	S2_ AU05_r_avg 	S2_ AU06_r_avg 	S2_ AU07_r_avg 	S2_ AU09_r_avg 	S2_ AU10_r_avg 	S2_ AU12_r_avg 	S2_ AU14_r_avg 	S2_ AU15_r_avg 	S2_ AU17_r_avg 	S2_ AU20_r_avg 	S2_ AU23_r_avg 	S2_ AU25_r_avg 	S2_ AU26_r_avg 	S2_ AU45_r_avg 	S2_ AU01_c_avg 	S2_ AU02_c_avg 	S2_ AU04_c_avg 	S2_ AU05_c_avg 	S2_ AU06_c_avg 	S2_ AU07_c_avg 	S2_ AU09_c_avg 	S2_ AU10_c_avg 	S2_ AU12_c_avg 	S2_ AU14_c_avg 	S2_ AU15_c_avg 	S2_ AU17_c_avg 	S2_ AU20_c_avg 	S2_ AU23_c_avg 	S2_ AU25_c_avg 	S2_ AU26_c_avg 	S2_ AU28_c_avg 	S2_ AU45_c_avg 	S2_abs_d_pose_Rx_avg 	S2_ gaze_0_x_var 	S2_ gaze_0_y_var 	S2_ gaze_0_z_var 	S2_ gaze_1_x_var 	S2_ gaze_1_y_var 	S2_ gaze_1_z_var 	S2_ pose_Tx_var 	S2_ pose_Ty_var 	S2_ pose_Tz_var 	S2_ pose_Rx_var 	S2_ pose_Ry_var 	S2_ pose_Rz_var 	S2_ AU01_r_var 	S2_ AU02_r_var 	S2_ AU04_r_var 	S2_ AU05_r_var 	S2_ AU06_r_var 	S2_ AU07_r_var 	S2_ AU09_r_var 	S2_ AU10_r_var 	S2_ AU12_r_var 	S2_ AU14_r_var 	S2_ AU15_r_var 	S2_ AU17_r_var 	S2_ AU20_r_var 	S2_ AU23_r_var 	S2_ AU25_r_var 	S2_ AU26_r_var 	S2_ AU45_r_var 	S2_ AU01_c_var 	S2_ AU02_c_var 	S2_ AU04_c_var 	S2_ AU05_c_var 	S2_ AU06_c_var 	S2_ AU07_c_var 	S2_ AU09_c_var 	S2_ AU10_c_var 	S2_ AU12_c_var 	S2_ AU14_c_var 	S2_ AU15_c_var 	S2_ AU17_c_var 	S2_ AU20_c_var 	S2_ AU23_c_var 	S2_ AU25_c_var 	S2_ AU26_c_var 	S2_ AU28_c_var 	S2_ AU45_c_var 	S2_abs_d_pose_Rx_var 
csrsconv 	-0.248641532	0.122331796	0	0	0	0	0.376092103	-0.203244278	0	0	0	0	0	0	0	0	-0.245331822	0	0	0	0	0	0	0	0	0	0	0	0	0	0	0	0	0	0	0	0	0	-0.302873291	0.109173262	0	0	0	0	0	0	0	0	0	0	0	0	0	0.179243585	-0.195493519	0	0.149422103	0.134174795	0	0	0	0.301590324	0	0	0	0	0	0.168054348	0	0	0	-0.310584752	0	-0.169089681	0.136554226	0	0	0	0	0	0.206323252	0	0	0
csrskill 	0	0	0	0	0	-0.1803174	0	-0.342832013	0	-0.124158169	0	0	0	0.266602099	0	0	-0.25499273	-0.563458567	0.130886262	-0.106033587	0	0	0	0	0	0	0.531390596	0	0	0	-0.175346514	-0.108888709	-0.966179991	0	0	0	0	0.273844752	0	0	0	-0.26891647	0	0	0	0	0	0	0	0	0.319076717	0	0.083042652	0.446382039	0	0	0	0	0	0	0	0	0.297676213	0	0	0	0	0	0	0	0	0	0	0	0	0	0	0	0	0	1.180577735	0	0	0
csrscomp 	0	0.185828406	0	0.190563345	0	-0.151015596	0	0	0	0	0	0	0.02761927	0.304119625	0	0	0	0	0	0	0	0	0	0	0	0	0.294122626	0	0	0	0	0	0	0	0	0	0	0	0	0	0	0	0	0	-0.174540462	0	0	0.213827663	0	0	0	0	0	0.414571348	0	0	0	0	0	0	0	0	0.194042927	0	0	-0.464586597	-0.057221578	0	-0.166408647	-0.233933508	0	0	0.100534746	0	0	0	0	0	0	0	0.072628557	0	0	0
csrsappr 	0	0	0	0	0	-0.175270928	0	0	0	0	0	0.081313166	0	0.155421584	0	0	0	-0.446894045	0	0	0	0	0	0	0	0	0.257131146	0	0	0	-0.102081445	0	0	0	0	0	0	0	0	0	0	0	0	0	-0.10097089	0	0.159159207	0	0.159181256	0	0	0	0.071179552	0.268680601	-0.177240691	0	0	0.086222139	0	0	0	0	0.096824305	0	0	0	0	0	0	-0.164303232	0	0	0.10802368	0	0	0	0	0	0	0	0.101280241	0	0	0
csrseffect 	0	0	0	0.485202341	-0.031309893	0	0	0	0	0	0	0	0	0.41243277	0	0	0	0	0	0	0	0	0	-0.154193661	-0.164372905	0	0.335423392	0	0	0	-0.070935445	0	-0.706848874	0	-0.123528529	0	0	0	0	0	0	0	0	0	0	0	0	0.210146455	0	0	0	-0.375009696	0	0.343760279	0	0	0	0	0	0	0	0	0	0	0	-0.374130249	0.01196832	0	0	-0.119603382	0.041334652	0	0	0	0	0	0	-0.098161777	0	0	0.84617505	0	0	0
csvoclcn 	0	0	0	0.258743915	0	0	0	0	0	0	0.235054614	0	0	0	0.43528058	0	0	0	0	0	0	0	0	0	0	0	0.301242293	0	0	0	0	0	0	-0.104056794	0	0	0	0	0	0	0	0	0	-0.088754759	0	0	0	0	0	0	0	0	0	0	0	0	0	0	0	0	0	0	-0.083694333	0	0	0	0	0	-0.13471984	-0.188188115	0	0	0	-0.137835442	0	0	0	0	0	0	0	0	0	0
csnoddin 	-0.568753618	0	0.171439753	0.133532834	0	-0.153642246	-0.084217665	-0.263483179	0	0	0	0	0	0	0	0	0	0	-0.114880078	0	0	0	0	-0.165488065	0	0	0.440091002	0	0	0	-0.144981801	0	-0.6236889	0	-0.171751684	0	0	0	0	0	0	0	0	0	0	0	0	0	0.365070634	0	0	0	0	0.508546677	0	0	0.115532393	0	0	0	0	0.225716942	0	0	0	0	0	0	0	-0.150117717	0	0	0	0	0	0	0	0	0	0.060529174	0.722647785	0	0	0
csgestur 	0	0	0	0.675381543	0	0	0	0	0	0	0.127862867	0	0	0.30337149	0	0	0	-0.099680436	0	0	0	-0.099025919	0	-0.171181138	0	0	0.382916709	0	0	0	-0.117877721	0	0	0	0	0	0	0	0	0	0	0	0	0	0	0	0	0	0	0	0	-0.554823895	0	0.348898673	0	0	0	0	0	0	0	0	0	0	0	0	0	0	0	-0.214593844	0	0	0	-0.091570763	0	0	0	0	0	0	0.132900424	0	0	0
cshumor 	0	0	0.318821461	0.262720531	0	0	0	0	0	0	0	0	0	0.327734207	0	0	0	-0.267580512	0	0	0	0	0	0	0	0	0.422441205	0	0	0	0	0	0	0	0	0	0	0	0	0	0	0	0	0	0	0	0	0	0	0	-0.051980766	0	0	0	0	0	0	0	0	0	0	0	0	0	0	0	0	0	0	0	0.11800955	0	0.114587374	0	0	0	0	0.165925005	0	0	0.274010257	-0.281533888	0	0
cssmilin 	-0.334770024	0.25756935	0	0.320059901	0	0	0	0	0	0	0	-0.055601185	0.210495081	0	0	0.276543347	-0.334347725	0	0	0	0	0	0.312588706	-0.155380776	0	0	0.326620562	0	0	0	-0.081751067	-0.554632117	0.046190788	0	0	0	0	0	0	0	0	0	0	0	-0.164244925	0	0	0	0	0	0	0	0	0	0	0	0	0	0	0	0	0.114342265	0.248124122	0	0	0	0	0	0	-0.224753961	0	0	0	0	0.229555009	0	0	0	0	0.552181498	0	0	0	0
csquestn 	0	0	0	0.234007088	0	0	0	0	0	0	0	-0.095875339	0	0.514471287	0	0	0	-0.27930993	0	0	0.111844839	-0.154196725	0.302378359	-0.100549334	0	0	0.710081328	0.255470869	0	0	-0.162709816	-0.64174792	-0.02375196	0	0	0	0	0	0	0	0	0	0	0	0	0	-0.258031546	0	0	0	0	0	0	0	0	0	0	0	0	0	0	0	0.143712143	0.244220889	-0.219753933	0	0	0	0	0	0	0	0.140256409	0	-0.236321462	0	0	0	0	0.427218944	0	0	0	0
csstartn 	0	0	0	0.830483933	0	-0.070377064	0.084273967	-0.255450546	0	-0.163239301	0	0	0	0.379282998	0	0	-0.40309601	-0.377736804	0.643770651	-0.211011895	0	-0.228201277	0	0	0	0	0.759875436	0	0	0	-0.311024627	0	0.152027523	0	0	0	0	0	0	0	0	0	0	0	0	0.043113564	0	0	0	0	0.233687389	-0.593046658	0	0.701654451	-0.225293867	0	0	0	0	-0.083432398	0	0	0	0	0	0	-0.756591432	0	0	0	0	0	0	-0.128990259	0	0	0.118393433	0	0	0	0	0	0	0
cspostur 	0	0	0	0.397248861	0	0	0	0	0	0	0	0	0	0.305549526	0	0.360666004	0	-0.231048518	0	0	0.139171164	-0.201087476	0	-0.202938077	0	-0.24221737	0.573514811	0.35134438	0	0	0	0	0	0	-0.075157941	0	-0.01223521	-0.000245251	0	0	0	-0.042328274	0	0	0	0	-0.171064171	0	0	0	0	-0.356396035	0	0.303328305	0	0	0	0	0	0.089236472	-0.134658708	0	0	-0.261076554	0	0	0	0	0	-0.268278013	0	0	0	0	-0.069635777	0	0	0	0	0	0	0	0	0
cseyecon 	-0.161773987	0	0.279709185	0.577947361	0	0	0	0	0	0	0	0	0	0.379421438	0	0	0	-0.18661949	0	0	0	0	-0.180971703	-0.213312451	-0.281885971	0	0.296802258	0	0	-0.103907828	0	0	0	0	0	0	0	0	0	0	0	0	0	0	0	-0.000508695	0	0	0	0	-0.172055026	-0.433700455	0	0.501822056	0	0	0.239752664	0	0	0	0	0	0	-0.123470366	0	0	0	0	0	-0.291758512	0.034306231	0	0	0	0	0	0.086303798	0	0	0	0	0	0	0
Raliked 	0	0	0	0.149441485	0	0	0.074835085	0	0	0	0	0	0	0	0	0.19895749	0	-0.254830681	0	0	0	0	0.234563786	-0.183216324	-0.266324429	0	0	0	0	0	0	-0.082401322	0.259883939	-0.122915265	-0.263933288	0	0	0	-0.187560861	0	0	0	0	-0.194170967	0	0	0	0	0	0	0	0	0	0	0	0	0.256712565	0	0	0	0	0.334645722	0	0	0	0	0	0.149676799	0	0	-0.188678616	0	0	-0.181727882	0.08472623	0	0	0.066537013	0	0	0	0	0	0
Raattrac 	0	0.196646933	0.081415798	0	0	0	0	0	0	0	0	0	0	0	0	0.141884874	0	-0.502607437	0.147568506	0	0	0	0	0	-0.230117061	0	0	0	0	0	0	0	0	0	-0.132734657	0	0	0	0	0	0	-0.070907454	0	0	0	0	-0.093066482	0.361355776	0	0	0	0	0	0	0	0	0	0	0	0	0.163007132	0	0.252302091	0	0	0	0	0	0	-0.328868568	0.175273543	0	0	0	0	0	0	0	0	0	0	0	0	0
Rayessin 	0	0	0.37389041	0	0	0	0.676016906	-0.313398627	0	0	0	0	0	0	-0.714536579	0	0	0.083215439	0	0	0	0	0	0	0	0.157445081	0	0	0	0	0	0	-1.115931213	0	0	0	-0.1573945	0	-0.210995281	0	0	0	0	0	0	0	0	0.22848117	0	0	0	0	0	0	-0.396734468	0	0.394878836	0	0	0	0.155789066	0.141165367	0.658968273	0	0	-0.433560799	0	0.212394745	0	0	0	-0.266387147	0	-0.198361166	0	0	0	0	0	0	1.376138516	0	-0.129853452	0
Raconect 	0	0	0	0	0	0	0	-0.217646212	-0.173149865	0	0	0	0	0	0	0	-0.289318286	0	0	0.143928604	0	0	0	-0.285842223	0	0	0.316569076	0	0	0	-0.17684604	0	0	0	0	0	0	0	0	0	0	-0.147372899	0	0	0	0	0	0	0	0	0	0	0.383160032	0	0	0	0	0	0	0	0	0.248472171	0	0	0	0	0	0	0	0	0	0	0	0	0.214006779	0	0	0	0	0	0.269246823	0	0	0
Racommon 	0	0	0.237630531	0	0	0	0	-0.365043105	0	0	0	0	0	0.385090291	0	0	0	-0.425905087	0	-0.105664489	0	0	0.183057153	-0.228946319	0	0	0	0	0	0	0	-0.228878093	0	0	0	0	0	0	0	0	0	0	0	0	0	0	0	0.254795779	0	0.067925513	0	0	0.275751059	0	0	0	0.144808902	0	0	0	0	-0.037479218	0.314226095	0	0	0	0	0	0	0	0	0	0	0	0	0	0	0	-0.128267982	0	0.145977372	0	0	0
Rasimlar 	-0.960720678	0	0	0	0	-0.069032082	0	0	0	0	0	-0.082297527	0	0.176390606	0	0.042634214	0	0	0	0	0	0	0	-0.176774446	-0.119107186	0.120500848	0	0	0	0.113827212	0	0	0	0	0	0	0	0	0	0	0	0	0	0	0	0	0	0.228975763	0.674270656	0.148002701	0	0	0	0	0	0	0	0	0	0	0	0	0.337056727	0	-0.180976227	0	0	0	0	-0.206390872	0.105180797	0	0	0	0.120910334	0	0	0	0	0	0.119312213	0	0	0
Rasmooth 	0	0	0	0.647967213	0	-0.281207278	0	0	0	0	0	0	0.27914002	0	0	0	-0.150030019	0.012732652	0	0	0	0	0.050385624	-0.390605921	0	0	0.389282753	0	0	0	0	0	0	0	0	0	0	0	0	0	0	0	0	0.204536886	-0.268767275	0	0	0.23513293	0	0	0	-0.457465649	0	0.508394488	0.152162629	0	0	0	0	0	-0.087626422	0.228559147	0.172389278	0	0	-0.458876725	0	0	-0.08168193	-0.220747739	0	0	0	0	0	0	0	0	0	0	0.101222361	0	0	0
Ra_avg	-0.241789946	0.13725282	0	0.095247691	0	-0.076600114	0.148614699	0	-0.17843342	0	0	0	0	0	0	0.211923807	0	0	-0.088867552	0	0	0	0.195335659	-0.309514328	0	0	0	0	0	0	0.033467568	-0.285788445	0.134152575	0	0	0	0	0	-0.16144231	0	0	0	0	0	-0.192603983	0	0	0.139531654	0	0	0	0	0.153608355	0	0	0	0.274973586	0	0	0	0	0.286017622	0	0	0	0	0	0	0	-0.317526375	-0.051932843	0	0.065225291	0	0.095391292	0	0	0	0	0.248496862	0	0	-0.193232541	0
 																																																																																				
-------Openface AU features of last ---------																																																																																				
"['S3_ AU01_r_avg', 'S3_ AU02_r_avg', 'S3_ AU04_r_avg', 'S3_ AU05_r_avg', 'S3_ AU06_r_avg', 'S3_ AU07_r_avg', 'S3_ AU09_r_avg', 'S3_ AU10_r_avg', 'S3_ AU12_r_avg', 'S3_ AU14_r_avg', 'S3_ AU15_r_avg', 'S3_ AU17_r_avg', 'S3_ AU20_r_avg', 'S3_ AU23_r_avg', 'S3_ AU25_r_avg', 'S3_ AU26_r_avg', 'S3_ AU45_r_avg', 'S3_ AU01_c_avg', 'S3_ AU02_c_avg', 'S3_ AU04_c_avg', 'S3_ AU05_c_avg', 'S3_ AU06_c_avg', 'S3_ AU07_c_avg', 'S3_ AU09_c_avg', 'S3_ AU10_c_avg', 'S3_ AU12_c_avg', 'S3_ AU14_c_avg', 'S3_ AU15_c_avg', 'S3_ AU17_c_avg', 'S3_ AU20_c_avg', 'S3_ AU23_c_avg', 'S3_ AU25_c_avg', 'S3_ AU26_c_avg', 'S3_ AU28_c_avg', 'S3_ AU45_c_avg', 'S3_abs_d_pose_Rx_avg', 'S3_ gaze_0_x_var', 'S3_ gaze_0_y_var', 'S3_ gaze_0_z_var', 'S3_ gaze_1_x_var', 'S3_ gaze_1_y_var', 'S3_ gaze_1_z_var', 'S3_ pose_Tx_var', 'S3_ pose_Ty_var', 'S3_ pose_Tz_var', 'S3_ pose_Rx_var', 'S3_ pose_Ry_var', 'S3_ pose_Rz_var', 'S3_ AU01_r_var', 'S3_ AU02_r_var', 'S3_ AU04_r_var', 'S3_ AU05_r_var', 'S3_ AU06_r_var', 'S3_ AU07_r_var', 'S3_ AU09_r_var', 'S3_ AU10_r_var', 'S3_ AU12_r_var', 'S3_ AU14_r_var', 'S3_ AU15_r_var', 'S3_ AU17_r_var', 'S3_ AU20_r_var', 'S3_ AU23_r_var', 'S3_ AU25_r_var', 'S3_ AU26_r_var', 'S3_ AU45_r_var', 'S3_ AU01_c_var', 'S3_ AU02_c_var', 'S3_ AU04_c_var', 'S3_ AU05_c_var', 'S3_ AU06_c_var', 'S3_ AU07_c_var', 'S3_ AU09_c_var', 'S3_ AU10_c_var', 'S3_ AU12_c_var', 'S3_ AU14_c_var', 'S3_ AU15_c_var', 'S3_ AU17_c_var', 'S3_ AU20_c_var', 'S3_ AU23_c_var', 'S3_ AU25_c_var', 'S3_ AU26_c_var', 'S3_ AU28_c_var', 'S3_ AU45_c_var', 'S3_abs_d_pose_Rx_var']"																																																																																				
  	S3_ AU01_r_avg 	S3_ AU02_r_avg 	S3_ AU04_r_avg 	S3_ AU05_r_avg 	S3_ AU06_r_avg 	S3_ AU07_r_avg 	S3_ AU09_r_avg 	S3_ AU10_r_avg 	S3_ AU12_r_avg 	S3_ AU14_r_avg 	S3_ AU15_r_avg 	S3_ AU17_r_avg 	S3_ AU20_r_avg 	S3_ AU23_r_avg 	S3_ AU25_r_avg 	S3_ AU26_r_avg 	S3_ AU45_r_avg 	S3_ AU01_c_avg 	S3_ AU02_c_avg 	S3_ AU04_c_avg 	S3_ AU05_c_avg 	S3_ AU06_c_avg 	S3_ AU07_c_avg 	S3_ AU09_c_avg 	S3_ AU10_c_avg 	S3_ AU12_c_avg 	S3_ AU14_c_avg 	S3_ AU15_c_avg 	S3_ AU17_c_avg 	S3_ AU20_c_avg 	S3_ AU23_c_avg 	S3_ AU25_c_avg 	S3_ AU26_c_avg 	S3_ AU28_c_avg 	S3_ AU45_c_avg 	S3_abs_d_pose_Rx_avg 	S3_ gaze_0_x_var 	S3_ gaze_0_y_var 	S3_ gaze_0_z_var 	S3_ gaze_1_x_var 	S3_ gaze_1_y_var 	S3_ gaze_1_z_var 	S3_ pose_Tx_var 	S3_ pose_Ty_var 	S3_ pose_Tz_var 	S3_ pose_Rx_var 	S3_ pose_Ry_var 	S3_ pose_Rz_var 	S3_ AU01_r_var 	S3_ AU02_r_var 	S3_ AU04_r_var 	S3_ AU05_r_var 	S3_ AU06_r_var 	S3_ AU07_r_var 	S3_ AU09_r_var 	S3_ AU10_r_var 	S3_ AU12_r_var 	S3_ AU14_r_var 	S3_ AU15_r_var 	S3_ AU17_r_var 	S3_ AU20_r_var 	S3_ AU23_r_var 	S3_ AU25_r_var 	S3_ AU26_r_var 	S3_ AU45_r_var 	S3_ AU01_c_var 	S3_ AU02_c_var 	S3_ AU04_c_var 	S3_ AU05_c_var 	S3_ AU06_c_var 	S3_ AU07_c_var 	S3_ AU09_c_var 	S3_ AU10_c_var 	S3_ AU12_c_var 	S3_ AU14_c_var 	S3_ AU15_c_var 	S3_ AU17_c_var 	S3_ AU20_c_var 	S3_ AU23_c_var 	S3_ AU25_c_var 	S3_ AU26_c_var 	S3_ AU28_c_var 	S3_ AU45_c_var 	S3_abs_d_pose_Rx_var 
csrsconv 	0	0	0	0	0	0	0	-0.202801429	0	0.124401353	0	0	0	0.242504004	0	0	0.229380097	0	0.158869882	0	0	0	0.047671765	-0.345104007	0	0	0	0	0	0	0	0	0.384517266	0	0	0	0	0	0	0	-0.083003572	0	0	-0.115067529	0	0	0	0	0.138120561	0	0	0	0.197372449	0	0	0	0.154637197	0	0	0	0.123119212	0	0	0	-0.340852576	-0.400850823	0	0.117714124	0.077821938	-0.062430494	0	0	0.110387964	0	0	-0.074010015	0	0	0	0	0	0	0	0
csrskill 	0	0.124820418	-0.169087795	0	-0.386887433	0	0	0	0	0	0	0	0.184020107	0	0	0	0.12887187	0	0	0	0	0.717676858	0	-0.806102792	0	0	0	0	0	0	0	-0.360391937	-0.332286509	0	0	0	0	0	-0.090373243	0	0	0	0	0	0	-0.23697874	0	0	0	0	0.18807291	0	0	0	0	0	0	0	0	0	0	0.220302593	0.38887553	0	-0.315842	-0.163395444	0	0	0	-0.281513373	0	0.587018205	0.119900354	0	0	0	0	0	0	0	0.808091498	0	0	0
csrscomp 	0	-0.023068156	0	0	0	0	0	0	0	0	-0.144658553	0	0	0.162560024	0	0	0	0	0	0	0	0.123385463	0	0	0	0	0	0	0	0	0	0	0	0	0	0	0	0	0	0	0	-0.057340922	0	-0.107837877	0	0	0	0	0.142544923	0	0	0	0	0	0	0	0.218871657	0	0.251039993	0	0	0	0	0	0	-0.180547571	0	0.162869508	-0.084213645	0	0	-0.228754151	0.167093521	0	0	0	0	0	0	0	0.359017863	0	0	0
csrsappr 	0.24575051	0	0	0	-0.280266295	-0.207224738	0	0	0.219220617	-0.047427836	0	0	0	-0.030069226	0	0	0	-0.021361438	0	0	0	0.552328816	0	-2.193540322	-0.133084785	0	0	0	0	-0.581599676	-0.089052286	0	0.190974308	0	0	0	0	-0.082410216	0	0	-0.184857098	0	0	0	0	0	0	0	0.200490215	0	0	0	-0.181344059	0	0.283250059	0	0	0	0	0	0.167140473	0	0.072812661	0	0	-0.333667755	0	0.084288268	0	0	0	1.744957721	0	-0.107961952	0	0	0	0.640254159	0.076356718	0	0	0.118990414	-0.155969605	0
csrseffect 	0.395666552	-0.143788484	0	0	-0.163409965	0.026817016	0	-0.112991397	0	0	0	0	0	0	0	0	0.183498284	0	0	0	0	0.233403995	0	-0.260233544	0	0	0.115862466	0	0	0	-0.136008563	0	0	0	0.267493945	0	0	0.133280599	0	0	0	0	0.077464161	0	0	0	0	0	0	0	0	0	0	0	-0.136338798	0	0.084522994	0	0.158191986	-0.036299959	0	0	0	0	-0.215759117	-0.478157511	0.131956956	0.14848775	0	0	0	0	0	0.088780215	-0.017262328	0	0	0	0	0	0.43652953	0	-0.443310854	0
csvoclcn 	0	0	0	0	0	0	0	0	0	0	0	0	0	0.136024126	0	0	0	0	0	0	0	0	0	0	0	0	0.339814198	0	0	0	0	0	0.298389549	-0.143338927	0	0	0	0	0	0	0	0	0	0	0	0	0	0	0.155328692	0	0	-0.048285819	0	0	-0.08192695	0	0	-0.111195444	0.170823509	0	0	0	0	0	0	-0.145756844	0	0.075320771	-0.124271687	0	0	0	0.18815059	0	0	0	0	0	0	0	0	0	0	0
csnoddin 	0	0	0	0	0	-0.126480747	0	0	0	0	0	0	0.148211523	0	0	0	0	0.146649435	0	0	0	0.090061559	0	0	0	0	0.362626246	-0.164974374	0	0	-0.100287384	0	0.294294424	0	0	0	0	0	0	0	0	0	0	0	0	0	0	0	0	0	0	0	0	0.275041547	-0.27006289	0	0	0	0	0	0	0.104120675	0	0	0	-0.294051643	0	0	0	-0.093083309	0	0	0.199425195	0	0	0	0	0	0	0	0	0	0	0
csgestur 	0	0	0	0	0	0.114115199	0	0	0	0	0	0	0	0	0	0	0	0	0	0	0	0	0	-0.17897713	0	0	0.264346784	0	0	0	-0.099893273	0	-0.178386192	0	0	0	0	0.305164953	0	0	-0.24293874	0	0	0	0	0	0	0	0	0	0	0	0	0	0	0	0	0	0.112273881	0	0.185193701	0	0	0	0	0	0	0.147751479	0	-0.225577168	0	0	0	0	0	0	0	0	0	0	0.409961405	0	0	0
cshumor 	0.05342715	0	0	0	0	0	0	0	0.338523942	0	0	0	0	0	0	0	0	0	0	0	0	0	0	-0.214285709	0	0	0	0	0	0	-0.246352073	0	0.014088036	0	0	0	0	0	0	0	0	0	0	0	0	0	0	0	0	0	0	0	0	0	0	0	0	0	0.231006822	0	0	0	0	0	0	0	0	0	0	0	0	0	0	0	0.105280006	0	0	0	0	0	0.533348575	0	0	0
cssmilin 	0	0	0	0	0	0	0	-0.166397356	0	0	0	0	0	0.164047096	0	0	0	0	0	0	0	0	0	-0.490522139	0	0	0	0	0	0	0	0	0.21878126	0	0	0	0	0.155059051	0	0	0	0	0	-0.333330785	0	0	0	0	0	0.287213867	0	-0.130476597	0.377004677	0.376789603	0	-0.022157332	0.130043244	0	0	0	0	0	0	0	-0.346455475	-0.135755523	0	0	0	-0.360917151	0	0	0	0	0.404572082	0	0	0	0	0	0	0	0	0
csquestn 	0	0	0	0	0	0	0	0	0	0	0	0	0	0.369609876	0	-0.357310967	0.235368747	0	0	0	0	0	0	-0.267961323	0	0	0.353324628	0	0	0	0	0	0.643837637	0	0	0	0.172426116	0	0	0	0	0	0	0	0	0	-0.295361548	0	0	0	0	0	0	0.234179193	0	0	0	0	0	0	0	0.128658996	0	0	-0.494576415	-0.151619576	0	0	0	0	0.149988297	0	0.178907471	0	0	0	0	0	0	0	0	0	0	0
csstartn 	0	0	0	0	0	0	0	0	0	-0.303237783	0	0	0	0.286953842	0	0	0.257791206	0	0	0	0	0	0	-0.890997382	0	0	0.366418625	0	0	0	0	-0.320550092	0.515387038	0	0	0	0	0	0	0.161554662	0	0	0	-0.133998584	0	0	0	0	0	0.096525471	0	0	0	0	0	-0.117345364	0.273901336	0	0	0	0	0	0	-0.085427663	-0.495596904	0	0	0.051054186	0	0	0	0.745756505	0	0	0	0	0	0	0	0	0	0	0	0
cspostur 	0	0	0	0	0	0	0	0.22406843	0	0	0	0	0	0.355360916	0	-0.330327156	0	0	0	0	0	0	0	0	-0.33164227	0	0	-0.216282371	0	0	0	0	0.378032651	0	0	0	0	0	0	0.19663803	0	0	0	0	0	0	-0.322768061	0	0	0	0	0	0	0.134980299	-0.065339243	0	0.209173345	0	0.266655779	0	0	-0.242466062	0	0	0	0	0	0	0	0	0	0	0	-0.146706833	0	0	0	0	0	-0.065655674	0.218957168	0	0.04096354	0
cseyecon 	0	0	0	0	0	0	0	0.231973751	0	0	0	0	0	0	0	-0.06790241	0	0	0	0	0	0	0	0	-0.521846236	0	0.104883501	0	0	0	0	0	0.386812661	0	0	0	0	0	0.090744331	0	0	0	0.125651386	0	0	0	-0.348619027	0	0	0	0	0	0	0	0	0	0.279609404	0	0	0	0	0.150483402	0	0	0	0	0	0	0	0	0	0	0	0	0	-0.220512666	0	0	0	0	0	0	0	0
Raliked 	0	0	0	0	0	0	0.156649774	0	0	0	0	0	0.138325234	0	0	0	0	0	0	0	-0.084229599	0	0	-0.338570459	0	0	0	0	0	0	-0.319197974	-0.144018167	0	0	0	0	0	0.115301454	0	0	0	0	0	-0.171644752	0	0	0	0	0.048514226	0	0	0	0	0.127222332	0	0	0.056991408	0	0	0	0	0	0	-0.051543969	-0.234138308	-0.164519583	0	0.101828612	0	0	0	0	0	-0.073092016	0.317093417	0	0	0	0	0	0.493594224	0	0	0
Raattrac 	0	0	0	0	0	-0.414781669	0	0	-0.154458589	-0.358224076	0	0	0	0	-0.220535619	0	-0.398703554	0	0	0	0	0	0	0	-0.198013346	0	0.541859034	0	-0.125059275	0	-0.374306737	0	0	0	0	0	0	0	0	0	0	0	0	0	-0.044604436	0	-0.287532081	0	0	0	0.158570054	0	0	0.344466588	0	0	0	0	0	0	0	0.068911054	0	0	0	0	0	0	0	-0.08168056	0	0	0	0	0.415109456	0.122466275	0	0.09779248	0	0	0.172352771	0	0	0
Rayessin 	0	0	0	0	0	0	0	0	-0.498818599	0	0	0	0	0	-0.206167493	0	-0.253185015	0	0	0	0	0	0	-0.158867464	0	0	0.649345594	0	0	0	-0.273242297	0	0.14158284	0	0	0	0	0	0	0	0	0	0	-0.107986399	0	0	-0.206409431	0	0	0	0	0	0.201861497	0	0	0.331662638	0	-0.218424351	0	0	0	0.076571904	0	0.263634007	0	-0.110312886	0	0	-0.122844106	-0.326686674	0.254692379	0	0	0	0.149455549	0	0	0	0	0	0	0	-0.056408677	0
Raconect 	0	0	0	0	-0.23252124	0	0	-0.192111345	0	0	0	0	0	0	0	0	0.313634975	0	0	0.117365266	0	0.565927897	0	-0.645787055	0	0	0.069883876	0	0	0	0	-0.232972042	0	0	0	0	0	0	0	0	0	-0.119061135	0	0	-0.06690631	0	0	0.148205637	0	0	0	0	0	0	0	0	0	0	0	0	0.250443923	0	0.39608269	0	-0.444122615	-0.117126102	0	0	0	-0.194512019	0	0.46526774	0	0	0	0	0	0	-0.090056609	0	0.320633381	0	0	0
Racommon 	0	-0.045285871	0	0	0	-0.052687138	0	0	0	0	0	0	0	0	0	0	0	-0.216150554	0	0	0	0	0	-0.110705168	-0.167193544	0.188209765	0.058080909	0	0	0	0	-0.192959238	0	0	0	0	0	0	0	-0.447612202	0	0	0.301756454	0	-0.190911756	0	0	0.13583385	0	0	0	0	0	0	0	0	0	0	0	0	0.227616321	0.253863045	0.296904801	-0.123786744	0	0	0	0	0	0	0	0	0	0	0.065299604	0	0	0	0	0	0.325624562	0	0	0
Rasimlar 	0	0	0	0	0	0	0	0	0	0	0	0	0	0	0	0	0	0	0	0	-0.093737085	0	0	-0.253037537	0	0	0	0	0	0	-0.258697445	0	0	0	0.217840741	0	0	0.062682179	0	0	0	0	0	0	-0.117543458	0	0	0.039352201	0	0	0	0	0	0	0	0	0	0	0	0	0	0.052932304	0.182236368	0	0	-0.119747585	0	0	0	0	0	0	0.121742957	0	0.25338514	0	0	0.165863542	0	0	0.34344394	0	-0.358317189	0
Rasmooth 	0	0	0	0	0.048993156	0	0.118480927	0	0	0	0	0	0	0	0	0	0.38093305	0	0	0	0	0	0	-0.208864127	0	0	0.118899299	0	0	0	0	0	0.500351407	0	0	0	0	0	0	0	0	0	0.268184665	-0.363955449	0	0	0	0	0.198932415	0	0	0	0	0	-0.272008005	0.201018578	0.065428759	0	0	0	0	0.188702893	0	0	-0.562254958	-0.231742514	0	0.174924357	0	0	0	0	0.233286743	0	0	0	-0.23875365	0	0	0	0	0	0.122869181	0
Ra_avg	0	0	0	0	0	-0.258697588	0	0	-0.178986709	0	0	0	0.1540784	0	0	0	0	0	0	0	0	0	0	-0.219608888	0	0	0.330173193	0	0	0	-0.354170686	0	0	0	0	0	0	0.132279491	0	0	0	0	0	0	-0.165441976	0	0	0	0	0	0	0	0	0.3755315	0	0	0	0	0	0	0	0.089805635	0	0	-0.254852273	-0.179354235	0	0	0	-0.085474908	0	0	0	0	0.231834462	0	0	0	0	0	0.293073633	0	0	0
 																																																																																				
-------Openface AU features of avg feat ---------																																																																																				
"['SA_ AU01_r_avg', 'SA_ AU02_r_avg', 'SA_ AU04_r_avg', 'SA_ AU05_r_avg', 'SA_ AU06_r_avg', 'SA_ AU07_r_avg', 'SA_ AU09_r_avg', 'SA_ AU10_r_avg', 'SA_ AU12_r_avg', 'SA_ AU14_r_avg', 'SA_ AU15_r_avg', 'SA_ AU17_r_avg', 'SA_ AU20_r_avg', 'SA_ AU23_r_avg', 'SA_ AU25_r_avg', 'SA_ AU26_r_avg', 'SA_ AU45_r_avg', 'SA_ AU01_c_avg', 'SA_ AU02_c_avg', 'SA_ AU04_c_avg', 'SA_ AU05_c_avg', 'SA_ AU06_c_avg', 'SA_ AU07_c_avg', 'SA_ AU09_c_avg', 'SA_ AU10_c_avg', 'SA_ AU12_c_avg', 'SA_ AU14_c_avg', 'SA_ AU15_c_avg', 'SA_ AU17_c_avg', 'SA_ AU20_c_avg', 'SA_ AU23_c_avg', 'SA_ AU25_c_avg', 'SA_ AU26_c_avg', 'SA_ AU28_c_avg', 'SA_ AU45_c_avg', 'SA_abs_d_pose_Rx_avg', 'SA_ gaze_0_x_var', 'SA_ gaze_0_y_var', 'SA_ gaze_0_z_var', 'SA_ gaze_1_x_var', 'SA_ gaze_1_y_var', 'SA_ gaze_1_z_var', 'SA_ pose_Tx_var', 'SA_ pose_Ty_var', 'SA_ pose_Tz_var', 'SA_ pose_Rx_var', 'SA_ pose_Ry_var', 'SA_ pose_Rz_var', 'SA_ AU01_r_var', 'SA_ AU02_r_var', 'SA_ AU04_r_var', 'SA_ AU05_r_var', 'SA_ AU06_r_var', 'SA_ AU07_r_var', 'SA_ AU09_r_var', 'SA_ AU10_r_var', 'SA_ AU12_r_var', 'SA_ AU14_r_var', 'SA_ AU15_r_var', 'SA_ AU17_r_var', 'SA_ AU20_r_var', 'SA_ AU23_r_var', 'SA_ AU25_r_var', 'SA_ AU26_r_var', 'SA_ AU45_r_var', 'SA_ AU01_c_var', 'SA_ AU02_c_var', 'SA_ AU04_c_var', 'SA_ AU05_c_var', 'SA_ AU06_c_var', 'SA_ AU07_c_var', 'SA_ AU09_c_var', 'SA_ AU10_c_var', 'SA_ AU12_c_var', 'SA_ AU14_c_var', 'SA_ AU15_c_var', 'SA_ AU17_c_var', 'SA_ AU20_c_var', 'SA_ AU23_c_var', 'SA_ AU25_c_var', 'SA_ AU26_c_var', 'SA_ AU28_c_var', 'SA_ AU45_c_var', 'SA_abs_d_pose_Rx_var']"																																																																																				
  	SA_ AU01_r_avg 	SA_ AU02_r_avg 	SA_ AU04_r_avg 	SA_ AU05_r_avg 	SA_ AU06_r_avg 	SA_ AU07_r_avg 	SA_ AU09_r_avg 	SA_ AU10_r_avg 	SA_ AU12_r_avg 	SA_ AU14_r_avg 	SA_ AU15_r_avg 	SA_ AU17_r_avg 	SA_ AU20_r_avg 	SA_ AU23_r_avg 	SA_ AU25_r_avg 	SA_ AU26_r_avg 	SA_ AU45_r_avg 	SA_ AU01_c_avg 	SA_ AU02_c_avg 	SA_ AU04_c_avg 	SA_ AU05_c_avg 	SA_ AU06_c_avg 	SA_ AU07_c_avg 	SA_ AU09_c_avg 	SA_ AU10_c_avg 	SA_ AU12_c_avg 	SA_ AU14_c_avg 	SA_ AU15_c_avg 	SA_ AU17_c_avg 	SA_ AU20_c_avg 	SA_ AU23_c_avg 	SA_ AU25_c_avg 	SA_ AU26_c_avg 	SA_ AU28_c_avg 	SA_ AU45_c_avg 	SA_abs_d_pose_Rx_avg 	SA_ gaze_0_x_var 	SA_ gaze_0_y_var 	SA_ gaze_0_z_var 	SA_ gaze_1_x_var 	SA_ gaze_1_y_var 	SA_ gaze_1_z_var 	SA_ pose_Tx_var 	SA_ pose_Ty_var 	SA_ pose_Tz_var 	SA_ pose_Rx_var 	SA_ pose_Ry_var 	SA_ pose_Rz_var 	SA_ AU01_r_var 	SA_ AU02_r_var 	SA_ AU04_r_var 	SA_ AU05_r_var 	SA_ AU06_r_var 	SA_ AU07_r_var 	SA_ AU09_r_var 	SA_ AU10_r_var 	SA_ AU12_r_var 	SA_ AU14_r_var 	SA_ AU15_r_var 	SA_ AU17_r_var 	SA_ AU20_r_var 	SA_ AU23_r_var 	SA_ AU25_r_var 	SA_ AU26_r_var 	SA_ AU45_r_var 	SA_ AU01_c_var 	SA_ AU02_c_var 	SA_ AU04_c_var 	SA_ AU05_c_var 	SA_ AU06_c_var 	SA_ AU07_c_var 	SA_ AU09_c_var 	SA_ AU10_c_var 	SA_ AU12_c_var 	SA_ AU14_c_var 	SA_ AU15_c_var 	SA_ AU17_c_var 	SA_ AU20_c_var 	SA_ AU23_c_var 	SA_ AU25_c_var 	SA_ AU26_c_var 	SA_ AU28_c_var 	SA_ AU45_c_var 	SA_abs_d_pose_Rx_var 
csrsconv 	0	0	0	0	0	0	0	0	0	0	0	0	0.264723396	0.664607427	0	0.203410298	0	-0.215990647	0	0	0	0	0	-0.044382984	0	0	0.111699405	0	0	-1.765086086	0	-1.243410115	-0.487050942	0	0	0.160201672	0	0	-0.478318379	0.216351158	0	0	0	0	0	0	0	0	0	0	0	0.171180624	-0.013738166	0.096238821	0	0	0	0	0	-0.03423933	0	-0.41708292	0.322520158	0	0	0	0	0	0	0	0	0	0	-0.203396649	0	0	0	1.545644402	0	1.048479927	0.564219341	0	0	0
csrskill 	0	0.263964161	0	0	0	0	0	0	0	0	0	-0.000946075	0.490013497	0	0	0	0	0	0	0	0	0	0	-0.071371821	0	0	0.339417671	0	0	-0.361542381	0	0	-0.536883938	0	0	0	0	0	0.027088301	0	0.266509607	-0.389637964	0	0	-0.1887952	0	0	0	0	0	0	0	0	0	0	0	0	0	0	0	0	0.156619141	0.270668731	0	0	-0.541770657	0.268704155	0	0	0	0	0	0.144074587	0	0.031284565	0	0	0	0	0	0.843170346	0	-0.111826522	0
csrscomp 	0	0	0	0	0	0	0.128515361	-0.050915537	0	0	0	0	0	0.262672035	0	0	0	0	0	0	0	0	0	-0.241928084	0	0	0.160051565	0	0	0	0	0	0	0	0	0	0	0	-0.328896242	0.266709318	0	0	0	0	0	0	0	0	0	0	0	0	0.23606619	0.18224223	0	0	0.024460406	0	0	0	0	0	0	0	0	-0.331038057	0.10626634	0	0	-0.129877533	0	0	0.17726682	0	0	0	0	0	-0.075289614	0.069840293	0.153681068	0	0	0
csrsappr 	0.109904869	0.66062275	0	0	0	0	-0.301027284	0	0	-0.067474797	0	0	0.105328221	0	0	0	0	0	0	0	0	0	0	0	0	0	0.28557872	-0.162766187	0	0	0	0.005488775	0.835236613	0	0	0	0	0	0.058776118	0	0	-0.174096505	0	0	0	0	0	-0.145754921	0	-0.451077893	0	0	0.188013803	0.095461809	0	0.152170087	0	0	0.133725345	0	0	0.068886043	0	0	0	-0.362920916	0	0	0	-0.050465259	0	0	0.21023137	-0.152935805	0	0	0	0	0	0	-0.696724515	0	0	0
csrseffect 	0	0	0	0	0	0	0.106996392	0	0	0	0	0	0.114163578	0.216085272	0	0	0	0	0	0	0	0	0	-0.256426352	-0.19087194	0	0.302721319	0	0	0	0	0	0	0	0	0	0	0	0	0	0	0	0	0	0	0	0	0	0.130203503	0	0	0	0	0.06149579	0	0	0	0	0	0	0	0	0.116774252	0	0	-0.488874655	0.202144985	0	-0.081566791	0	0.048434245	0	0	0	0	0	0	0	0	0	0.1204449	0	0	0
csvoclcn 	0	0	0	0	0	0	0	-0.110693114	0	0	0.200280178	0	0	0	0.28376922	0	0	0	0	0	0	0	0	0	0	0	0.332095753	0	0	0	0	0	0	0	0	0	0	0	0	0	0	0	0	0	0	0	0	0	0	0	0	0.014831172	0	0	0	0	0	0	0	0	0	0	0	0	0	0	0	0	-0.126587599	-0.174536202	0	0	0	0	0	0	0	0	0	0	0	0	0	0
csnoddin 	0	0	0	0	0	0	0	0	0	0	0	0	0	0	0	0	0	0	0	0	0	0	0	-0.060569338	0	0	0.371259878	0	0	0	-0.130578379	0	0	0	0	0	0	0	0	0	0	0	0	0	0	0	0	0	0	0	0	-0.064057182	0	0	-0.180341974	0	0	0	0	0	0	0	0	0	0	0	0	0	0	0	0	0	0	0	0	0	0	0	0	0	0.28509961	0	0	0
csgestur 	0	0.897387233	0	0	0	0	-0.183673761	0	0	0	0	0	0.195374574	0.193054508	0	0	0	0	-0.024835433	0	0	0	0	0	0	0	0.327677255	0	0	0	0	0	0	0	0	-0.089941196	0	0	0	0	0	0.003132556	0	0	0	0	0	0	0	-0.62081012	0	0	0	0.295035015	0	0	0	0	0	-0.056184432	0	0	0	0	0	-0.250148547	0	0	0	-0.183333241	0	0	0.179668613	0	0	0	0	0	0	0	0.174051355	0	0	0
cshumor 	0	0	0	0	0	0	0	0.10982503	0	0	0	-0.392247093	0.194730309	0.71318621	0	1.331470728	0	0	0	0	0	-0.194473312	0	0	0	0	0.27582417	0	0	0	0	0	0.308696392	0	0	0	0	0.259816518	-0.35891981	0	0	-0.051596187	0	-0.123384004	0	0	0	0	0	0	0	0	0	0	-0.24773905	0	0.140038992	0	0	0.167171763	0	-0.528732221	0	-1.04060975	0	0	0.077888126	0	0	-0.20262752	0.227048972	0	0.230237467	0	0	0	0	0	0	0	0	0	0	0
cssmilin 	-0.369793805	1.560618786	0	0	0	0.121563229	0	0	0	0	0	0	0	0.095039974	0	0	0	0	0	0	0	0	0.164186522	-0.18774977	0	0.14813904	0.278614522	0	-0.126678562	0	0	0	0	0	0	0	0	0	0	0	0	0	0	0	0	0	-0.299527212	0	0	-1.125774359	0	0	0	0	0	0	0	0	0	0	0.323663017	0	0.168321922	0	-0.204841464	0	0	0	0	0	0.082653571	0	0	0	0.034385299	0	0	0	0	0	0.238733881	0	0	0
csquestn 	0	0.127205819	0	0	0	0	0	0	0	0	0	0	0	0.425175156	0	0	0	0	0	0	0	0	0.260635485	-0.326216547	0	0	0.416672484	0	0	0	0	0	0.228805161	0	0	0	0	0	0	0	0	0	0	0	0	0	-0.354467265	0	0	0	0	0	0	0	0	0	0	0	0	0	0	0	0	0	-0.225636569	0	0	0	0	0	0	0	0.167155342	0	-0.12994855	0	0	0	0.067953073	0	0	0	0	0
csstartn 	0.105679226	0	0	0	0	0	0	-0.1998188	0	0	0	0	0	0.27136205	0	0	0	0	0	0	0	0	0	-0.261287844	0	0	0.296134202	0	0	0	0	0	0.239962231	0	0	0	0	0	0	0	0	0	0	0	0	0	0	0	0	0	0	0	0	0	0	0	0.248155158	0	0	0	0	0	0	0	-0.236918734	-0.223894005	0	0.147893714	0	0	0	0	0	0	0	0	0	0	0	0	0	0	0	0
cspostur 	0	0	0	0	0	0	0	0	0	0	0.230779462	0	0	0	0	0	0.150458759	0	0	0	0	0	0	-0.210034172	0	0	0.170804088	0	0	0	0	0	0	0.172700642	0.036215679	0	0	0	0	0	0	0	0	0	0	-0.078365234	-0.18533349	0	0	0	0	0	0	0.22533846	0	0.12799676	0	0	0	0	0	0	0	0	0	-0.181739398	0	0	0	-0.296790254	0	0	0	0	0	0	0	0	0	0	0.076326404	0	0	0
cseyecon 	-0.337482547	0	0	-0.112868623	0	-0.443791652	0	0	0	0	0	0.072301922	0	0	0	0	0	0	0.094542218	0	0	0	-0.128768634	-0.150533867	-0.17957692	0	0.288082459	0	0	0	0	0	0	0.104590037	0	0	0	0	0	0.304423873	0	0	-0.263544347	0	0	-0.325895536	0	0	0	0	0	0	0	0.677572672	0	0	0.145906663	0	0	0	0	0.243556592	0	0	0	0	0	0	0	-0.371935546	0.071693988	0	0	0.189143649	0	0	0	0	0	0	0	0.038093865	0	0.097017068
Raliked 	0	0.186534516	0	0	0	0	0	0	0	0	0	0	0	0.221870007	0	0	0	-0.240823431	0	-0.074986351	0	0	0.180155473	-0.156719171	0	0	0	0	0	0	-0.098076314	-0.358131546	0	0	-0.251114854	0	0	0	0	0	0	-0.089421662	0	-0.163174459	0	0	0	0.118992408	0	0	0	-0.031314624	0	0	0	0	0.13479199	0	0	0	0	0	0.28970992	0	0	0	0	0	0	0	0	0	0.137808419	-0.11271444	0.107010358	0	0	0	0	0.069240883	0.362969692	0	0	0
Raattrac 	0	0	0	0	0	-0.312043329	0	0	-0.346643132	0	0	0	0	0	-0.198249513	1.11678069	0	0	0	0	0.100723039	0	0.106927609	0	-0.07622382	0	0	0	0	0	0	0	0	0	-0.209936943	0	0	0	-0.23333626	0	0	0	0	-0.156771115	0	0	-0.05146071	0.235822372	0	0	0	0	0	0	-0.079749966	0	0.559061599	0	0	0	0	0	0	-0.682140282	0	0	0	0	0	-0.300935323	0.07919747	0	0	0	0	0	0	0	-0.125864403	0	0	0.107993799	0	0
Rayessin 	-0.040443638	0	0	0	0	0	0	0	0	0	0	0	0	0	0	0	0	-0.194871069	0	0.13490984	0	0	0	0	0	0	0.217295339	0	0	0	-0.151417722	-0.965372435	0.323695692	0	0	0	0	0.136044404	-0.435735754	0.260645511	0	0	0	0	0	0	0	0	0	0	0	-0.041633204	0.225454832	0	0	0	0	0	0	0	0	0	0	0	0	0	0	0	0	0	0	0	0	0	0	0	0	0	0	0.850955449	0	0.187169651	0	0
Raconect 	0	0.288348715	0	0	0	0	0	-0.204056571	0	0	0	0	0	0	0.384424218	0	0	0	0	0	0.113984203	0	0	-0.159423918	0	0	0	0	0	0	0	-0.203858783	0	0	0	0	0	0	-0.165717196	0	0	0	0	0	0	0	0	0.136761774	0	0	0	0	0.383478195	0	-0.128085527	0	0	0	0	0	0	0	0	0	-0.184267889	-0.132081878	0	0	0	0	0	0	0	0	0.046480806	0	0	0	-0.118127868	0	0.248093747	0	0	0
Racommon 	-0.990095921	0.415945863	0	0	0	0	0	-0.186665111	0	0	0	0	0	0.232427676	0	0	0	0	0.076251107	0	0	0	0	-0.174524063	0	0.209762269	0	0	0	0	0	-0.566606902	0.144091463	0	0	0	0	0	0	0	0	-0.197617409	0	0	0	0	-0.100659426	0.018177087	0.596333515	0	-0.068406188	-0.117670627	0.196898102	0	0	0	0	0	0	0	0.165480645	0	0.453564665	0	-0.070602129	0	0	0	-0.085168762	0	0	0	0	0	0	0	0	0	0	0.298266719	0	0.080849428	0	0.220460727
Rasimlar 	-0.272693895	0.408223902	0	0	0	-0.195871201	0	0	0	0	0	0	0	0	0	0.902840453	-0.061320708	0	0	0	0	0	0	-0.207741677	0.065317895	0	0	0	0	0	0.107442871	-0.207390616	0.068853625	0	0	0	0	0	0	0	0	0	0	-0.188631279	0	0	0	0.164422668	0	0	0	-0.245053515	0	0	0	0	0	0	0	0	0	0	0.37655848	-0.668414832	0	0	0	0	0	-0.143730977	0.164685234	0	0	0	0.054374625	0	0	0	0	0	0	0	0	0
Rasmooth 	0	0	0	0	-0.43387745	0	0	-0.087362824	0	0	0	0	0	0.264893096	0	0	-0.178859445	-0.189469365	0	0	0	0.280389237	0	-0.14912897	0	0	0.249013923	0	0	0	0	0	0	0	0	0	0	0.186324646	-0.219096212	0	0	-0.163303433	0	0	0	0	0	0	0	0	0	0	0.355973209	0	0	0	0.053212917	0	0	0	0	0	0	0	0	0	0	0	0	0	0	0	0	0	0	0	0	0	0	0	0.262956414	0	0	0
Ra_avg	0	0	0	0	0	-0.077086583	0	0	0	0	0	0	0	0	0	0	0	0	0	0	0	0	0	-0.180420621	0	0	0	0	0	0	0	0	-0.678177155	0	-0.086508812	0	0	0	-0.210099809	0	0	0	0	0	0	0	0	0.220052164	0	0	0	-0.138442556	0	0	0	0	0.211496978	0	0	0	0	0	0	0	0	0	0	0	0	0	0	0	0	0	0.125571	0	0	0	0	0	1.006479406	0	0	0
 																																																																																				
